0 113
0 315
0 594
1 137
1 277
1 414
2 189
2 197
2 819
2 868
3 107
3 211
3 268
3 777
4 462
4 589
4 679
4 860
4 888
5 355
5 474
5 575
5 825
5 892
6 129
6 192
6 352
6 601
6 659
7 176
7 432
7 451
7 615
7 689
7 705
7 897
7 984
8 94
8 279
8 494
8 621
8 643
8 969
9 44
9 330
9 577
9 941
10 42
10 77
10 438
10 523
10 532
10 882
10 930
11 415
11 606
11 831
12 182
12 264
12 276
12 431
12 615
13 268
13 289
13 392
14 230
14 565
14 719
14 735
14 887
15 516
15 938
16 452
16 696
17 190
17 299
17 391
17 524
17 540
17 716
17 743
17 854
18 70
18 278
18 660
19 443
19 456
19 529
19 569
20 21
20 101
20 549
20 951
21 157
21 226
21 727
21 941
22 333
22 357
22 372
22 409
22 989
22 994
23 267
23 486
24 447
24 857
25 348
26 130
26 216
26 823
26 914
27 55
27 262
27 585
27 634
27 855
27 919
27 972
28 367
28 519
28 520
28 755
28 787
28 855
28 956
29 102
29 126
29 733
29 864
30 89
30 680
31 147
31 220
31 259
31 452
31 614
31 663
31 711
31 748
31 781
31 927
32 122
32 411
32 564
32 640
32 683
32 773
33 600
33 781
34 174
34 204
34 412
34 658
34 798
34 973
35 263
35 882
35 983
36 339
36 383
36 452
36 582
36 744
36 853
36 911
37 249
37 323
37 587
37 736
37 873
38 191
38 328
38 366
38 455
38 472
38 654
38 945
39 97
39 166
39 366
39 770
40 100
40 150
40 206
40 576
40 915
41 152
41 188
41 249
41 384
41 498
41 613
41 729
41 795
41 902
41 955
42 233
42 843
42 858
43 293
43 322
43 382
43 578
43 753
44 270
44 285
45 248
45 477
45 674
45 699
46 802
46 896
47 312
48 203
48 333
48 382
48 406
48 494
48 542
48 672
49 571
49 701
49 721
50 87
50 616
50 716
51 127
51 334
51 608
51 899
52 144
52 275
52 391
52 574
52 875
53 464
53 598
53 639
53 676
53 755
53 809
54 71
54 319
54 354
54 545
55 302
55 398
55 447
55 599
55 845
55 853
56 219
56 229
56 351
56 355
56 715
56 808
56 989
57 75
57 132
57 171
57 570
58 154
58 251
58 663
58 708
58 822
59 90
59 500
59 515
59 573
59 736
59 753
60 336
60 440
60 537
60 565
60 660
61 206
61 252
61 680
61 709
61 716
62 355
62 566
62 715
62 897
63 141
63 221
63 228
63 275
63 387
63 412
63 557
63 647
63 930
65 108
65 448
65 968
65 979
66 135
66 255
66 584
66 822
66 928
67 172
67 378
67 440
67 683
68 731
68 924
69 174
69 191
69 393
69 847
70 189
71 90
72 121
72 209
72 226
72 377
72 638
72 715
73 630
73 678
73 712
73 769
73 889
73 906
74 145
74 292
74 463
74 574
74 831
74 951
75 173
75 211
75 290
75 429
76 423
76 609
76 672
76 842
77 152
77 460
77 841
77 964
78 289
78 324
78 512
78 539
78 565
78 610
78 799
78 930
79 172
79 486
79 699
80 717
80 931
81 159
81 172
81 256
81 290
81 492
81 668
81 950
81 968
81 993
82 590
82 687
82 971
83 126
83 127
83 158
83 184
83 229
83 619
83 699
83 785
83 866
83 879
83 891
83 953
83 960
84 103
84 125
84 139
84 142
84 175
84 243
84 325
84 480
84 754
84 908
85 203
85 469
85 484
85 613
85 670
86 148
86 453
86 802
87 636
87 778
87 826
87 868
88 561
88 746
88 785
88 849
89 160
89 531
90 106
90 210
90 212
90 231
90 444
90 471
90 738
90 997
91 313
91 675
91 826
91 985
92 785
93 478
93 672
93 673
93 683
93 796
93 826
93 884
94 515
94 602
94 811
95 408
95 568
95 940
96 539
96 845
96 966
97 884
97 952
98 619
98 751
98 922
98 966
99 261
99 624
99 871
100 382
100 433
100 921
101 257
101 603
101 619
101 737
102 324
102 383
102 394
102 423
102 783
102 832
103 259
103 260
104 397
104 529
104 758
105 705
105 944
106 369
106 580
106 620
106 649
107 323
107 465
107 738
107 739
108 295
108 296
108 583
108 739
108 816
109 271
109 442
109 588
109 647
109 859
110 599
110 688
110 991
111 222
111 464
111 540
111 592
111 869
111 985
112 384
112 588
112 608
112 724
112 780
112 785
112 808
112 948
113 117
113 183
113 529
113 791
113 808
113 874
113 958
114 278
114 376
114 424
114 594
114 886
115 455
116 497
116 584
116 957
117 207
117 966
118 395
118 603
119 159
119 275
119 370
120 337
120 981
120 989
121 200
121 316
121 510
121 892
122 306
122 333
122 391
122 463
122 633
122 742
122 861
122 983
123 180
123 216
123 257
123 399
124 234
124 262
124 992
125 301
125 619
125 707
125 762
125 939
126 267
126 329
126 539
127 235
127 313
127 400
127 430
127 442
127 455
128 162
128 871
129 209
129 225
129 326
129 367
129 688
130 355
130 759
130 878
131 176
131 267
131 532
131 798
131 909
132 154
132 341
132 903
133 384
133 404
134 153
134 297
134 608
134 621
134 753
135 388
135 513
136 151
136 457
136 473
136 501
136 718
137 205
137 415
137 822
137 827
137 893
138 405
138 527
138 666
139 511
139 758
139 928
140 163
140 469
140 897
141 211
141 484
142 437
142 608
142 895
143 465
143 597
143 955
143 982
144 260
144 267
144 470
145 357
145 475
145 735
145 819
145 851
146 163
146 463
146 654
146 743
146 991
147 385
147 474
147 545
148 228
148 597
148 637
149 370
149 471
149 545
149 678
150 417
151 231
151 380
151 576
151 665
151 850
151 966
152 644
152 780
152 853
152 857
153 268
153 678
154 374
154 419
154 551
154 595
154 761
154 952
155 190
155 291
155 477
156 293
156 671
156 844
157 625
157 724
157 961
158 438
158 534
158 578
158 779
159 174
159 333
159 336
159 481
159 568
159 706
159 778
159 951
159 992
160 326
161 215
161 253
161 397
161 561
161 971
162 287
162 338
162 444
162 445
162 741
163 651
163 764
163 994
164 519
164 830
165 280
165 562
165 637
165 762
165 854
165 985
166 380
167 521
167 619
167 622
167 781
167 841
168 202
168 367
168 468
169 188
169 289
169 672
169 861
169 956
169 980
170 369
170 629
171 176
171 314
171 498
171 537
171 899
171 956
172 599
173 328
173 513
173 730
174 875
174 915
175 321
175 454
175 690
175 906
176 290
176 463
177 411
177 620
177 834
177 918
178 332
178 677
179 268
179 415
179 691
179 706
179 873
180 495
180 638
181 267
181 417
181 570
181 672
182 366
182 382
182 684
183 399
183 710
183 941
183 959
184 709
184 734
185 422
186 198
186 346
187 487
187 561
187 586
187 626
187 801
187 802
188 269
188 388
188 410
188 435
189 490
189 498
189 552
189 739
190 365
190 395
190 836
191 347
191 432
191 462
191 926
192 292
192 526
192 631
192 725
192 858
192 949
193 210
193 637
193 687
193 775
193 869
194 329
194 624
194 868
195 248
195 289
195 750
195 776
196 510
196 966
197 212
197 405
197 467
197 608
197 638
198 220
198 693
198 786
198 923
199 324
199 478
199 481
199 523
199 638
199 688
199 726
199 778
200 292
200 975
200 994
201 984
202 204
202 441
202 558
202 618
202 627
202 705
202 749
202 969
202 982
203 304
203 891
204 287
204 365
204 447
204 540
204 558
204 618
204 642
204 752
204 818
204 835
204 923
204 955
205 508
205 554
206 276
206 596
206 622
206 646
206 910
206 944
208 279
208 282
208 297
208 306
208 425
208 607
208 862
209 495
209 680
209 717
209 959
210 509
210 628
210 759
210 905
211 357
211 630
212 457
213 291
214 241
214 349
214 358
214 524
214 622
214 734
216 298
216 374
216 907
216 950
216 961
217 458
217 743
218 370
218 589
218 703
218 914
218 971
219 222
219 614
219 658
219 692
220 260
220 464
221 497
223 547
223 582
223 618
223 868
224 331
224 389
224 841
225 323
225 335
225 618
225 676
225 976
226 234
226 679
226 685
226 723
226 850
227 303
227 327
227 777
227 940
227 967
227 988
228 431
228 490
228 734
228 836
228 974
229 303
229 400
229 782
229 809
229 813
229 861
229 985
230 423
230 548
230 662
230 724
231 285
231 287
231 295
231 376
231 415
231 624
231 688
231 782
231 951
232 274
232 311
232 595
232 669
232 689
233 273
233 293
233 482
233 600
233 703
233 753
233 857
233 978
234 323
234 422
234 444
234 600
234 972
235 315
236 608
236 706
238 239
238 529
238 770
239 247
239 391
240 564
241 787
241 993
242 567
242 719
242 721
242 772
242 779
243 287
243 420
243 497
243 617
243 667
243 733
243 773
243 811
243 865
244 938
244 965
245 266
246 755
247 259
247 288
247 663
247 733
247 851
247 916
248 710
249 278
249 328
249 616
251 920
252 388
252 482
252 764
252 779
253 277
253 536
253 615
253 855
254 337
254 497
254 585
254 598
255 355
255 701
255 711
256 451
256 543
256 749
257 353
257 665
257 824
258 567
258 724
259 611
259 899
259 910
260 418
260 489
260 911
261 520
262 332
262 392
262 616
263 909
264 449
264 719
265 421
265 608
265 710
266 591
266 702
267 486
267 642
267 709
267 780
268 573
268 720
268 852
268 964
269 687
270 308
270 529
270 896
270 931
271 479
271 539
271 865
272 297
272 485
272 709
273 291
273 487
273 740
273 913
273 920
274 308
274 583
274 703
274 757
274 914
274 962
275 555
275 621
275 666
275 736
275 780
275 904
276 357
276 397
276 480
276 500
276 637
276 664
277 563
277 717
277 718
277 723
278 316
278 513
278 556
278 570
278 961
279 477
279 493
279 702
279 970
279 987
280 443
280 548
281 368
281 791
282 330
282 753
283 674
283 798
283 874
283 910
284 304
284 360
284 476
284 813
284 915
284 947
285 541
285 648
285 653
286 422
286 994
287 291
287 408
287 821
288 663
288 750
288 805
288 891
289 833
289 879
290 336
290 497
290 512
290 683
290 749
290 874
291 321
291 324
291 368
291 587
291 962
292 649
292 968
293 304
293 363
293 368
293 442
293 742
293 807
293 875
293 915
294 691
294 749
294 773
294 782
294 969
294 990
295 586
295 785
296 414
296 450
296 579
296 853
297 340
297 653
297 706
298 597
298 727
298 806
298 927
299 502
300 313
300 378
300 461
300 703
301 361
301 399
301 593
301 606
302 364
302 396
302 831
302 866
303 365
303 585
303 878
304 322
304 575
304 778
304 780
304 799
305 461
305 659
305 886
306 435
306 696
306 726
306 789
307 323
307 364
307 389
307 613
308 650
308 726
308 945
309 353
309 537
309 977
310 549
310 810
311 531
311 795
311 980
312 516
312 793
312 872
313 527
313 610
314 356
314 474
314 608
314 685
315 900
315 943
316 633
316 841
316 967
317 768
318 833
318 872
319 430
319 551
319 759
319 772
319 949
320 381
320 536
320 592
320 639
320 731
320 800
320 842
320 866
320 972
321 614
321 675
321 798
322 367
322 968
322 984
322 999
323 467
323 579
323 871
324 373
324 573
324 595
324 700
324 892
325 330
325 408
325 474
325 714
326 673
326 695
326 720
327 395
327 569
327 822
327 850
328 480
328 618
328 811
328 993
329 477
329 571
329 603
330 747
330 810
330 831
330 832
331 506
331 665
332 455
332 469
332 860
332 983
333 469
333 557
333 659
334 681
334 976
335 870
335 913
336 558
336 794
336 862
336 997
337 345
337 425
337 511
337 512
337 675
337 974
338 505
338 605
338 699
339 435
339 904
340 374
340 582
340 698
340 705
340 844
341 370
341 478
341 662
343 368
343 609
343 702
343 730
344 491
344 516
344 623
344 758
345 544
345 667
345 727
346 685
346 816
347 483
348 367
348 588
348 732
348 964
349 426
349 436
349 467
349 521
349 705
349 932
349 943
349 982
350 397
350 576
350 634
350 947
351 490
351 749
352 358
352 450
352 693
353 442
353 551
353 726
354 398
354 591
354 602
354 786
354 903
355 901
356 786
356 909
357 396
357 535
357 557
357 694
358 449
358 621
358 698
358 995
359 401
359 527
359 675
359 703
360 620
362 508
362 792
363 568
363 828
363 943
364 391
364 652
364 673
364 917
365 423
365 453
365 530
365 620
365 678
365 914
365 942
366 559
366 993
367 645
367 990
369 456
369 634
369 883
370 630
371 561
371 766
372 456
372 537
372 824
372 960
372 968
373 680
373 687
374 425
374 564
374 832
374 943
375 491
375 742
375 799
375 928
376 646
376 672
376 882
376 950
377 522
377 554
377 939
377 993
378 399
378 499
378 831
378 997
379 403
379 434
379 452
379 506
379 539
379 735
379 988
380 393
380 453
380 512
380 610
381 905
381 980
383 546
383 904
384 607
384 613
384 667
385 718
386 435
386 507
386 551
386 601
386 663
386 979
387 705
387 971
388 596
388 602
388 873
388 894
389 586
389 836
390 460
390 887
390 975
391 395
391 427
391 432
391 548
391 612
391 648
391 749
392 490
392 669
392 942
393 451
393 512
393 857
394 613
394 876
395 458
395 935
396 446
396 648
397 827
397 873
397 953
397 981
398 429
398 519
398 712
398 905
398 986
399 404
399 510
400 582
400 649
400 763
400 834
400 986
401 423
401 449
401 485
401 785
402 580
402 801
402 810
402 989
403 537
403 600
403 793
403 906
404 612
404 773
404 795
404 892
404 899
404 922
405 628
406 815
407 499
407 534
407 641
407 791
408 680
408 709
409 931
410 586
410 863
411 500
412 470
412 699
413 476
413 508
413 862
414 605
414 716
414 755
415 525
415 627
415 806
416 457
416 486
416 973
417 539
417 923
417 996
418 499
419 445
419 458
419 466
419 664
419 858
419 987
420 546
420 894
421 827
421 829
422 534
422 594
422 670
422 759
422 869
423 574
423 664
424 723
424 738
424 964
425 476
426 617
426 742
427 599
427 663
427 702
427 708
427 846
427 866
428 734
429 573
429 938
429 992
430 479
430 516
430 566
430 623
430 750
430 770
431 915
431 973
432 699
432 909
432 990
433 512
433 801
433 885
433 994
434 633
434 919
435 535
435 624
435 817
435 844
436 451
436 490
436 530
436 625
436 688
436 880
436 886
437 609
437 778
438 825
438 830
439 586
439 678
439 750
439 939
440 629
440 731
440 768
440 786
441 718
442 859
443 729
444 497
444 699
445 555
445 939
446 528
446 584
446 647
446 856
447 551
447 738
448 972
449 557
449 715
449 808
449 837
450 511
450 720
451 627
451 729
451 774
451 830
452 523
452 648
452 713
452 871
452 892
453 832
454 550
454 867
454 894
454 937
455 575
455 820
455 924
456 477
456 900
457 970
458 840
458 904
459 661
459 760
459 803
460 486
460 519
460 526
460 838
461 603
461 891
461 963
462 485
462 524
462 680
463 665
463 708
463 814
464 596
464 644
465 583
465 613
465 629
465 649
465 730
466 848
466 967
467 504
467 945
467 969
468 527
469 874
469 934
470 532
470 700
470 701
470 831
470 923
471 871
471 888
471 944
472 498
472 547
472 895
472 978
473 702
473 870
474 487
474 610
474 763
475 721
475 756
475 930
475 966
476 837
476 920
477 487
477 931
478 666
478 708
478 812
478 843
478 859
479 822
479 940
480 807
480 880
481 628
481 689
482 619
483 498
483 838
484 831
484 968
485 549
485 608
485 667
485 998
486 754
486 991
489 687
489 751
490 685
491 654
491 787
492 607
492 782
493 564
493 652
494 584
494 622
495 768
495 830
495 945
496 915
498 668
498 689
499 832
499 999
500 732
500 757
501 650
501 665
501 713
501 883
501 997
502 586
503 944
505 786
505 991
506 633
506 779
506 995
507 532
507 774
507 799
509 659
509 904
509 987
510 565
510 642
510 748
510 881
511 871
511 911
511 951
512 887
512 968
514 992
515 948
516 962
517 555
517 749
517 765
517 789
518 591
518 784
518 902
519 715
519 855
520 521
520 547
520 555
520 684
520 718
520 992
522 805
524 617
524 642
524 734
524 914
525 533
525 660
525 663
525 840
525 917
526 856
527 758
528 543
528 561
528 667
528 735
528 922
528 997
529 594
529 724
529 761
530 705
530 876
531 783
531 822
531 854
532 788
533 631
533 710
533 720
534 631
534 681
534 708
534 776
534 786
534 946
534 960
535 545
535 564
536 556
536 629
536 701
537 836
538 878
539 882
539 955
540 577
540 684
540 735
540 814
540 868
540 884
540 893
541 757
541 773
541 902
541 967
542 729
542 737
542 925
542 956
544 567
544 575
544 577
544 585
544 679
544 804
544 885
546 659
546 845
547 559
547 770
547 805
547 982
548 747
548 763
548 897
548 912
548 953
550 587
551 573
551 733
551 971
552 716
553 614
553 624
553 711
553 717
553 874
553 970
554 795
554 977
555 799
555 976
556 853
556 940
557 695
557 764
557 791
559 794
559 833
559 961
559 979
560 844
562 644
562 752
564 668
564 986
565 778
566 692
566 931
567 653
568 644
568 678
568 839
569 758
569 876
570 605
570 621
570 666
570 726
570 903
571 601
572 820
572 929
572 959
573 647
573 856
574 595
574 747
574 856
575 651
575 825
575 828
575 961
576 741
576 748
576 763
576 868
577 616
577 910
578 787
578 923
578 999
579 687
579 879
580 679
580 973
581 607
581 839
581 909
582 823
584 894
584 902
585 647
585 719
585 727
586 612
586 655
587 633
590 591
590 722
591 617
592 623
593 615
593 884
593 985
594 811
594 842
594 888
594 967
595 601
595 653
596 662
597 613
597 638
597 921
598 659
598 856
598 861
599 684
599 823
599 848
599 872
600 662
600 790
600 821
600 878
600 890
601 613
602 660
602 835
602 928
602 973
603 665
603 797
603 823
603 908
603 966
605 715
605 724
605 729
606 967
607 753
607 861
608 799
608 919
609 635
610 722
610 769
610 772
610 805
610 927
612 637
612 939
613 884
614 681
614 716
614 766
615 965
615 997
616 699
616 706
617 909
617 932
618 767
618 906
619 790
619 823
620 900
620 909
621 651
621 789
621 887
622 766
622 976
624 663
624 813
624 904
626 870
628 643
628 687
628 704
628 796
628 966
629 916
630 808
631 844
631 913
631 914
631 939
632 701
633 754
633 853
634 665
634 725
635 783
636 944
637 898
637 967
638 653
638 903
638 989
639 756
640 675
640 843
640 955
641 936
642 647
642 683
643 664
643 977
644 676
644 695
644 727
646 805
646 968
649 703
649 813
649 901
650 979
651 880
652 874
653 675
653 698
654 807
655 770
655 784
656 788
656 798
656 931
657 796
657 817
657 883
657 953
658 720
658 727
658 798
658 886
659 735
659 749
659 865
660 940
661 664
661 732
662 696
662 726
662 773
663 703
664 673
664 836
666 707
666 712
666 786
667 688
668 686
668 871
668 915
668 923
669 888
669 903
671 719
671 895
672 733
672 903
673 797
675 848
676 903
677 706
677 722
677 796
678 713
678 738
679 918
680 770
680 898
681 776
682 739
682 773
682 874
682 955
683 766
683 988
684 752
685 809
685 924
685 972
686 916
687 822
687 933
688 802
689 918
690 697
691 729
693 800
694 986
698 960
699 875
699 907
699 951
700 716
700 806
700 897
701 733
701 941
704 771
708 780
708 989
709 888
709 941
710 722
710 792
710 873
710 925
710 940
710 953
710 991
713 767
713 777
713 934
713 984
715 836
715 868
716 735
716 855
716 885
716 895
716 976
716 995
717 997
719 723
720 885
720 928
721 748
722 724
722 837
722 909
722 940
723 768
723 797
724 817
724 991
725 819
725 854
725 871
725 903
726 873
726 993
727 826
727 932
729 914
730 975
731 895
731 912
732 963
732 982
734 861
735 768
735 816
738 990
740 855
741 783
743 773
743 931
744 856
744 871
748 840
749 844
750 816
750 894
751 879
752 774
753 999
757 851
759 816
759 880
759 894
759 910
759 935
760 773
761 968
762 764
763 998
764 814
766 997
767 823
768 810
768 827
769 787
772 813
773 802
773 916
774 788
774 861
775 963
778 843
779 907
782 826
782 994
783 822
783 931
783 938
784 875
785 955
785 968
786 847
786 923
787 826
787 926
787 942
788 827
789 854
790 979
791 937
792 899
792 932
793 850
799 814
800 814
800 879
803 847
803 954
805 924
807 992
808 835
808 888
810 831
810 848
811 820
811 849
811 995
812 856
812 949
813 843
813 957
814 928
815 957
817 903
817 953
818 856
820 955
823 949
825 999
826 888
829 970
831 968
833 903
835 902
836 990
837 971
837 986
845 878
847 961
848 948
848 983
849 894
849 971
850 885
850 940
851 941
852 920
852 933
853 892
853 938
855 868
855 922
857 958
858 894
858 947
863 888
863 957
866 930
867 930
868 900
870 998
876 982
878 905
879 987
880 886
885 947
886 933
887 929
891 928
895 902
898 909
899 922
899 988
903 940
903 966
909 921
912 944
913 967
916 951
917 960
917 981
924 954
925 978
926 935
928 983
929 944
932 993
937 980
937 996
941 979
943 958
944 979
945 993
946 950
946 990
950 990
954 962
960 978
971 982
976 991
983 995
994 998